----------------------------
Valency of Vertices
                     0    1    2    3    4    5      6    7    8   9    10  11
cube,                0,   0,  12,  12,  216,  0,   486,   0,   0,  0,    0,  0
cube,                0,   0,  12,  12,    0,  0,     0,   0,   0,  0,    0,  0
skydome,             0,   0,   2,   2,   26,  0,    36,   0,   0,  0,    0,  0
torus,               0,   0,   2,   2,   32,  0,    64,   0,   0,  0,    0,  0
torus1,              0,   0,   2,   2,   56,  0,   196,   0,   0,  0,    0,  0
cube,                0,   0,  12,  12,   48,  0,    24,   0,   0,  0,    0,  0
lit cube,            0,   0,  12,  12,    0,  0,     0,   0,   0,  0,    0,  0
terrain,             0,   0,   2,   2,  396,  0,  9801,   0,   0,  0,    0,  0
curvedpane,          0,   0,   2,   2,   36,  0,    81,   0,   0,  0,    0,  0
cubesphere,          0,   0,   2,   2,  116,  0,   841,   0,   0,  0,    0,  0
regular tetahedron,  0,   0,   8,   2,    0,  0,     3,   0,   0,  0,    0,  0
icosohedron,         0,   0,   8,   2,    7,  0,     4,   6,   0,  0,    0,  0
icosphere ,          0,   0,   8,   2,  127,  0,  4024,   6,   0,  0,    0,  0
cap ,                0,   0,   2,   2,   28,  0,     0,   0,   0,  0,    0,  0
cylinder,            0,   0,   2,   2,  156,  0,  1521,   0,   0,  0,    0,  0
capsule,             0,   0,   2,   2,  234,  0,  3002,   0,   0,  0,    0,  0
dodecahedron,        0,   0,   0,  60,    0, 12,     0,   0,   0,  0,    0,  0

-----------------------------
Closest closest Vertex to a Vertex

0    1      2      3       4      5      6      7

0    -      -      -       -      -      -      -  

1    +      -      -       -      -      -      -  

2    -     84      6      25      -      1      -

3    -     66     66      25      -      1      -

4    -    614    116     988      -    338      -
5    -    614    116    *970      -   *356      - filter out Vertex.e[]

5    -     -      12       -      +      -      -
5    -     -      12       -      -      +      - filter out Vertex.e[]

6    -   5027    260    8134      -   9110      -
6    -   5027    260   *7571      -  *9673      - filter out Vertex.e[]

7    -     12     -        -      -      -      +




